1661160470 2914
1661160552 11240
1661161407 11677
1661161429 40110
1661161721 40110
1661163658 40122
1661163682 45107
1661172887 45689
1661172898 45719
1661173669 45774
1661174320 46022
1661177925 46036
1661178001 46087
1661180885 46213
1661181107 46217
1661238442 46223
1661239039 46222
1661239211 46223
1661239881 46223
1661240036 46230
1661240063 45966
1661247914 46245
1661248159 46553
1661249238 46534
1661258008 46537
1661258859 46538
1661258868 46492
1661261400 46502
1661261523 46556
1661264374 46553
1661267852 46543
1661328911 46570
1661328917 46600
1661328953 46600
1661328999 46600
1661333021 46620
1661340698 46684
1661341118 46716
1661341576 46765
1661344669 46767
1661345843 46757
1661350136 46754
1661351124 46756
1661351134 46777
1661351949 46777
1661351994 47236
1661352889 47236
1661352907 47236
1661353781 47242
1661354405 47384
1661354414 47388
1661367983 47380
1661368438 47381
1661368845 47382
1661412127 47382
1661412134 47387
1661412621 47388
1661412989 47391
1661516362 47393
1661516431 47460
1661516450 47729
1661768774 47834
1661768791 47829
1661774557 47832
1661775604 47810
1661775611 47814
1661776538 47857
1661777313 47857
1661777384 47857
1661777717 47857
1661777725 47857
1661778284 47861
1661778290 47861
1661779517 47881
1661779594 47881
1661781894 47881
1661781901 47877
1661784518 47903
1661785762 47934
1661786018 47934
1661846951 47950
1661847203 47952
1661847331 47953
1661847379 47959
1661851717 47971
1661851724 47978
1661864374 47994
1661864411 48014
1661864811 48015
1661864887 47997
1661864969 47997
1661865337 47989
1661865481 47989
1661866162 47994
1661868233 48007
1661870473 48008
1661933305 47968
1661934263 47955
1661939051 47951
1661939749 47955
1661941420 47989
1661949536 48123
1661959620 48375
1661959628 48373
1662018774 48399
1662019229 48329
1662019299 48336
1662022690 48337
1662022741 48342
1662022861 48343
1662022889 48342
1662023379 48343
1662024243 48343
1662040960 48384
1662042865 48413
1662044970 48410
